
 Arguments:
add_predict_noise: False
add_train_noise: False
autofilter: 1
autolen: 1
automax: 2
batch_size: 32
collision_reward: -10.0
device_type: cpu
early_stop: True
epochs: 200
exclusive: False
exploration_decay_steps: 1000
exploration_rate_end: 0.1
exploration_rate_start: 0.1
exploration_rate_test: 0.0
gamma: 0.9
gpu_fraction: 0.2
hist_len: 2
image_dim: 8
image_padding: 1
lambda_: 0.5
learning_rate: 0.001
load_weights: True
max_steps: 2
max_train_doms: 6400
noise_prob: 0.5
num_actions: 16
positive_rate: 0.9
predict_net: beta
preset_lambda: False
priority: 1
replay_size: 100000
result_dir: results/single_beta_beta_im8_s3_his2_old_dqna_test_1.txt
result_dir_mark: old_dqna_test_1
reward_bound: 0.0
save_weights: True
start_epoch: 0
start_test_dom: 7200
start_valid_dom: 6400
state_dim: 3
stddev: 1.0
step_reward: -1.0
stop_epoch_gap: 10
success_base: -1
target_steps: 5
terminal_reward: 50.0
test_episodes: 800
test_multi_nets: False
train_episodes: 100
train_frequency: 1
train_mode: single_beta
use_instant_distance: 1
valid_episodes: 800

best_epoch: 0	 best_success: {1: 0.5, 3: 0.5075, 5: 0.51, 10: 0.51125, -1: 0.51125}	 avg_reward: -306.7281230158735	 step_diff: -0.3094832481544577


 Test results:
 success_rate: {1: 0.45, 3: 0.455, 5: 0.45875, 10: 0.46125, -1: 0.46125}	 avg_reward: -343.41100396825476	 step_diff: -0.2490372272143774
best_epoch: 1	 best_success: {1: 0.615, 3: 0.68125, 5: 0.6925, 10: 0.69625, -1: 0.7}	 avg_reward: -162.43046428571407	 step_diff: 0.06980728051391863


 Test results:
 success_rate: {1: 0.64625, 3: 0.69625, 5: 0.7025, 10: 0.70625, -1: 0.70625}	 avg_reward: -161.12015079365065	 step_diff: 0.0502092050209205
best_epoch: 2	 best_success: {1: 0.7, 3: 0.79875, 5: 0.8175, 10: 0.82875, -1: 0.8325}	 avg_reward: -59.830261904761876	 step_diff: 0.16522366522366522


 Test results:
 success_rate: {1: 0.7, 3: 0.77125, 5: 0.7825, 10: 0.7975, -1: 0.8}	 avg_reward: -82.88125396825392	 step_diff: 0.189289698772778
best_epoch: 3	 best_success: {1: 0.73625, 3: 0.835, 5: 0.85625, 10: 0.87375, -1: 0.87875}	 avg_reward: -29.50844841269838	 step_diff: 0.23087293562521066


 Test results:
 success_rate: {1: 0.72375, 3: 0.80625, 5: 0.82375, 10: 0.83625, -1: 0.84125}	 avg_reward: -50.10442496392495	 step_diff: 0.24366197183098592


single_beta
Best results:
	valid
		success_rate: {1: 0.73625, 3: 0.835, 5: 0.85625, 10: 0.87375, -1: 0.87875}
		avg_reward: -29.50844841269838
		log_epoch: 3
		step_diff: 0.23087293562521066
	test
		success_rate: {1: 0.72375, 3: 0.80625, 5: 0.82375, 10: 0.83625, -1: 0.84125}
		avg_reward: -50.10442496392495
		log_epoch: 3
		step_diff: 0.24366197183098592

Total time cost: 392s
