
 Arguments:
add_predict_noise: False
add_train_noise: False
autofilter: 1
autolen: 1
automax: 2
batch_size: 32
collision_reward: -10.0
device_type: cpu
early_stop: True
epochs: 200
exclusive: False
exploration_decay_steps: 1000
exploration_rate_end: 0.1
exploration_rate_start: 0.1
exploration_rate_test: 0.0
gamma: 0.9
gpu_fraction: 0.2
hist_len: 4
image_dim: 16
image_padding: 1
lambda_: 0.5
learning_rate: 0.001
load_weights: True
max_steps: 2
max_train_doms: 6400
noise_prob: 0.5
num_actions: 16
positive_rate: 0.9
predict_net: beta
preset_lambda: False
priority: 1
replay_size: 100000
result_dir: results/single_beta_beta_im16_s3_his4_old_dqna_test_1.txt
result_dir_mark: old_dqna_test_1
reward_bound: 0.0
save_weights: True
start_epoch: 0
start_test_dom: 7200
start_valid_dom: 6400
state_dim: 3
stddev: 1.0
step_reward: -1.0
stop_epoch_gap: 10
success_base: -1
target_steps: 5
terminal_reward: 50.0
test_episodes: 800
test_multi_nets: False
train_episodes: 100
train_frequency: 1
train_mode: single_beta
use_instant_distance: 1
valid_episodes: 800

best_epoch: 0	 best_success: {1: 0.49875, 3: 0.57, 5: 0.575, 10: 0.58, -1: 0.58}	 avg_reward: -502.60167693453855	 step_diff: -0.017393376221110316


 Test results:
 success_rate: {1: 0.495, 3: 0.57875, 5: 0.58125, 10: 0.5925, -1: 0.5925}	 avg_reward: -473.7761178042098	 step_diff: 0.05665086099326179
best_epoch: 2	 best_success: {1: 0.51125, 3: 0.6075, 5: 0.62, 10: 0.625, -1: 0.625}	 avg_reward: -280.9247846819988	 step_diff: 0.11125769569041337


 Test results:
 success_rate: {1: 0.49125, 3: 0.59125, 5: 0.605, 10: 0.6125, -1: 0.61625}	 avg_reward: -268.60035596280164	 step_diff: 0.1500465983224604
best_epoch: 7	 best_success: {1: 0.49, 3: 0.59875, 5: 0.62875, 10: 0.6475, -1: 0.655}	 avg_reward: -155.3922489047872	 step_diff: 0.5225752508361204


 Test results:
 success_rate: {1: 0.5025, 3: 0.59125, 5: 0.62375, 10: 0.6425, -1: 0.65375}	 avg_reward: -133.0523364663895	 step_diff: 0.5342222222222223
best_epoch: 9	 best_success: {1: 0.5275, 3: 0.64375, 5: 0.67, 10: 0.68125, -1: 0.68375}	 avg_reward: -191.0523145155273	 step_diff: 0.34416365824308065


 Test results:
 success_rate: {1: 0.54125, 3: 0.67, 5: 0.7125, 10: 0.71625, -1: 0.725}	 avg_reward: -154.46818958283663	 step_diff: 0.4178585233861616
best_epoch: 10	 best_success: {1: 0.50625, 3: 0.6475, 5: 0.67625, 10: 0.69625, -1: 0.6975}	 avg_reward: -121.76402491590376	 step_diff: 0.48502994011976047


 Test results:
 success_rate: {1: 0.505, 3: 0.65, 5: 0.685, 10: 0.7025, -1: 0.7125}	 avg_reward: -98.7009834984575	 step_diff: 0.6500789889415481
best_epoch: 11	 best_success: {1: 0.50375, 3: 0.6375, 5: 0.66875, 10: 0.69125, -1: 0.70125}	 avg_reward: -111.35076989988738	 step_diff: 0.6539872562270709


 Test results:
 success_rate: {1: 0.5175, 3: 0.635, 5: 0.66375, 10: 0.68375, -1: 0.69625}	 avg_reward: -95.1849602183371	 step_diff: 0.7011263073209976
best_epoch: 12	 best_success: {1: 0.53125, 3: 0.6775, 5: 0.70875, 10: 0.73, -1: 0.73375}	 avg_reward: -136.555188819698	 step_diff: 0.6025431425976385


 Test results:
 success_rate: {1: 0.54, 3: 0.67875, 5: 0.73, 10: 0.745, -1: 0.75}	 avg_reward: -119.88863692224086	 step_diff: 0.6257033944454529
best_epoch: 20	 best_success: {1: 0.55375, 3: 0.68625, 5: 0.72, 10: 0.73125, -1: 0.73875}	 avg_reward: -137.70245977733472	 step_diff: 0.4709418837675351


 Test results:
 success_rate: {1: 0.53625, 3: 0.66125, 5: 0.6925, 10: 0.7075, -1: 0.71375}	 avg_reward: -135.6400350934555	 step_diff: 0.49719806763285024


single_beta
Best results:
	valid
		success_rate: {1: 0.55375, 3: 0.68625, 5: 0.72, 10: 0.73125, -1: 0.73875}
		avg_reward: -137.70245977733472
		log_epoch: 20
		step_diff: 0.4709418837675351
	test
		success_rate: {1: 0.53625, 3: 0.66125, 5: 0.6925, 10: 0.7075, -1: 0.71375}
		avg_reward: -135.6400350934555
		log_epoch: 20
		step_diff: 0.49719806763285024

Total time cost: 2663s
